Photon    Nuclear  Electron
Energy    P. Prd.  P. Prd.

3,000E+00 8,604E-04 1,316E-05
4,000E+00 1,397E-03 5,373E-05
5,000E+00 1,875E-03 1,071E-04
6,000E+00 2,305E-03 1,644E-04
7,000E+00 2,689E-03 2,217E-04
8,000E+00 3,034E-03 2,773E-04
9,000E+00 3,348E-03 3,307E-04
1,000E+01 3,634E-03 3,815E-04
1,100E+01 3,894E-03 4,297E-04
1,200E+01 4,132E-03 4,754E-04
1,300E+01 4,354E-03 5,185E-04
1,400E+01 4,560E-03 5,598E-04
1,500E+01 4,752E-03 5,990E-04
1,600E+01 4,936E-03 6,360E-04
1,800E+01 5,268E-03 7,056E-04
2,000E+01 5,566E-03 7,692E-04
2,200E+01 5,840E-03 8,279E-04
2,400E+01 6,086E-03 8,822E-04
2,600E+01 6,314E-03 9,324E-04
2,800E+01 6,522E-03 9,797E-04
3,000E+01 6,716E-03 1,024E-03
4,000E+01 7,513E-03 1,209E-03
5,000E+01 8,111E-03 1,355E-03
6,000E+01 8,590E-03 1,473E-03
8,000E+01 9,313E-03 1,656E-03
1,000E+02 9,846E-03 1,796E-03
1,500E+02 1,074E-02 2,039E-03
2,000E+02 1,130E-02 2,201E-03
3,000E+02 1,199E-02 2,411E-03
4,000E+02 1,240E-02 2,542E-03
5,000E+02 1,267E-02 2,635E-03
6,000E+02 1,287E-02 2,704E-03
8,000E+02 1,314E-02 2,802E-03
1,000E+03 1,331E-02 2,867E-03
